3200060004
3200080006
3200130012
3200140008
3200140012
3200150012
3200150014
3200160012
3200170012
3200170024
3200180010
3200200016
3200200023
3200200028
3200220014
3200220016
3200220017
3200220020
3200230018
3200230020
3200240016
3200240018
3200270009
3200280016
3200280029
3200300014
3200310018
3200320013
3200320016
3200340027
3200350017
3200360032
3200360048
3200370019
3200390023
3200390024
3200420048
3200440022
3200450035
3200460037
3200470037
3200480032
3200480037
3200480072
3200490056
3200520022
3200520026
3200540028
3200540042
3200540056
3200550036
3200560024
3200560046
3200570030
3200570067
3200580030
3200580044
3200600028
3200600030
3200600090
3200610108
3200640064
3200650033
3200650044
3200650062
3200660054
3200690092
3200700070
3200700075
3200710076
3200720048
3200720064
3200720072
3200720144
3200730056
3200740074
3200760038
3200760054
3200780118
3200800030
3200800042
3200800048
3200810072
3200840051
3200850040
3200860090
3200880060
3200880084
3200900030
3200910048
3200920087
3200940046
3200940050
3200940068
3200950059
3200960048
3200960096
3200970048
3200980074
3200990046
3200990055
3201040070
3201060048
3201070160
3201080060
3201080144
3201100032
3201120048
3201140067
3201140114
3201150064
3201200126
3201210080
3201230060
3201240080
3201250081
3201270041
3201280068
3201300112
3201300240
3201320048
3201320068
3201320079
3201360092
3201370096
3201380180
3201440074
3201440080
3201440090
3201450078
3201460074
3201570190
3201600104
3201610175
3201620128
3201650132
3201680072
3201690113
3201700076
3201760052
3201770083
3201770104
3201800094
3201830188
3201850176
3201910214
3201920144
3201940252
3201950126
3201980122
3201980131
3201980164
3201980191
3202010054
3202010112
3202050009
3202050099
3202070184
3202110207
3202160123
3202170139
3202220016
3202220180
3202260149
3202270060
3202290143
3202310231
3202400416
3202420194
3202450161
3202470162
3202510149
3202550195
3202640228
3202650206
3202690277
3202710198
3202710239
3202790293
3202820449
3202860336
3202900164
3202910249
3202910264
3203000122
3203000189
3203000252
3203000349
3203010171
3203020152
3203040142
3203050222
3203080080
3203080132
3203090317
3203100266
3203110202
3203120257
3203160230
3203200153
3203230221
3203270260
3203280316
3203300155
3203310346
3203330186
3203340162
3203460384
3203500246
3203560182
3203590302
3203640311
3203740256
3203830176
3203840249
3203860224
3203870209
3203980372
3204020359
3204050200
3204070347
3204080026
3204080204
3204090191
3204140295
3204140309
3204180352
3204210267
3204220259
3204230187
3204240231
3204240350
3204250283
3204300198
3204310234
3204330432
3204450336
3204540209
3204600205
3204660295
3204680305
3204740274
3204840374
3204840480
3204910348
3204950285
3205000266
3205010464
3205040437
3205160498
3205250312
3205280280
3205470442
3205560229
3205690486
3205710394
3205720464
3205740224
3205780294
3205780342
3205800358
3205820436
3205940172
3205940642
3205970638
3205980496
3206000288
3206050343
3206080450
3206090360
3206140492
3206170474
3206610130
3206630518
3206660048
3206820482
3206980706
3207180543
3207190696
3207510248
3207690443
3207860262
3208290922
3208320680
3208820308
3209230578
3209360104
3209420070
3209590735
3209840840
3210350830
3210410887
3210530511
3210920613
3212200098
3214881273
3215022306
3218421741
3223720162
3231720290
3275640678
