256 256 0 0
256 256 0 0
 32  32 0 0
256 256 0 1
256 256 0 0
256 512 1 0
256 256 0 1
256 128 1 0
256 256 0 1
256 256 0 0
512 512 0 1
256 256 0 0
256 256 0 0
256 256 0 0
256 256 0 1
256 256 1 0
256 256 1 0
256 256 0 0
256 256 1 1
 64  64 0 0
256 256 0 1
256 512 0 1
256 256 0 1
256 256 0 1
256 512 1 1
128 128 0 0
256 256 0 1
256 256 0 1
256 256 0 0
256 256 0 1
256 256 1 1
128 128 0 0
256 256 0 0
512 512 0 1
256 256 0 1
256 256 0 1
256 256 0 1
256 256 0 1
256 256 0 0
256 256 0 0
256 256 0 0
256 256 0 1
256 256 0 0
256 256 0 0
256 256 0 0
256 256 1 1
256 256 1 1
256 256 0 1
256 256 0 1
256 256 1 0
256 256 1 1
256 256 0 0
256 256 0 0
256 256 0 1
256 256 0 1
256 256 0 1
256 256 0 1
128 128 0 0
256 256 1 0
256 256 0 0
256 256 1 0
256 256 0 0
512 512 0 0
256 256 1 0
 64  64 0 0
256 256 0 0
256 256 0 1
256 256 0 0
256 256 0 0
512 512 1 1
256 256 1 0
256 256 1 0
256 256 0 1
256 256 1 0
256 256 0 1
512 512 1 0
256 256 0 1
 64  32 1 1
128 128 1 0
256 256 0 1
256 256 0 0
256 256 0 1
128 128 0 0
 64  64 0 0
256 256 0 0
256 256 1 0
256 512 0 0
256 256 0 0
256 256 0 0
256 256 0 0
256 256 0 1
256 256 1 1
256 256 0 0
256 256 0 1
256 256 0 1
256 256 0 0
256 256 0 0
128 256 1 0
256 512 1 0
256 256 0 1
256 256 0 0
256 256 0 0
256 256 0 0
256 128 1 0
256 256 0 0
256 256 1 0
256 256 1 1
256 256 0 0
256 256 0 1
256 256 0 0
256 256 0 0
256 256 0 1
256 256 0 0
256 256 0 0
256 256 0 0
256 256 0 0
256 256 1 0
256 256 0 1
256 256 1 0
256 256 0 0
 64  24 0 1
 64 256 0 0
256 256 0 0
256 256 0 0
256 256 1 0
256 256 1 1
256 256 0 0
256 256 0 0
256 256 0 0
256 256 0 0
256 256 0 1
256 256 0 0
256 256 1 0
256 256 0 1
128  32 1 1
256 512 0 0
256 256 0 0
256 256 0 0
256 256 0 0
256 256 0 0
512 512 0 1
256 256 0 0
256 256 1 0
256 256 0 1
256 256 0 0
256 256 0 1
128 128 0 0
256 256 0 0
256 256 1 1
256 256 0 0
256 256 0 1
256 256 0 0
256 256 0 0
256 256 0 1
256 256 0 1
256 256 0 0
256 256 0 0
256 256 1 0
256 256 0 1
128 256 1 0
128 256 0 0
256 256 0 1
 64 256 1 0
256 256 0 1
256 256 1 0
256 256 0 0
256 256 0 0
256 128 1 0
256 256 0 0
128 256 0 0
 64 256 0 0
128 256 1 0
256 256 0 0
256 256 0 0
128 128 0 0
256 256 0 0
256 256 0 0
256 256 0 0
256 256 0 0
256 256 1 0
256 256 0 0
256 256 0 0
256 256 0 0
256 256 0 0
256 256 1 0
128 256 1 0
256 256 0 0
256 256 1 0
256 256 0 0
256 256 0 0
256 256 0 0
256 256 0 0
256 256 0 0
256 256 0 0
256 256 0 0
256 256 0 0
256 256 0 0
256 256 0 0
128 256 0 0
256 256 0 0
256 256 0 0
256 256 1 0
256 256 0 0
256 256 1 0
256 512 0 0
256 256 0 1
256 256 0 0
256 256 0 0
256 256 0 0
256 256 0 0
256 256 0 0
256 256 0 0
 64 256 0 0
256 256 0 0
256 256 0 0
256 256 0 0
256 256 0 0
512 512 1 0
256 256 0 0
512 512 0 0
256 256 1 0
256 256 0 0
256 256 0 0
256 256 0 0
256 256 1 0
256 256 1 0
512 512 0 0
256 256 0 0
256 256 0 0
256 256 0 0
256 256 0 0
256 256 0 0
256 256 0 0
256 256 0 0
256 256 0 0
256 256 0 0
256 256 0 0
512 512 0 0
256 256 1 0
256 256 0 0
256 256 0 0
256 256 0 0
256 256 1 0
256 256 1 0
256 256 0 0
256 256 1 0
256 256 0 0
256 256 0 1
256 256 0 0
256 256 0 0
256 256 0 0
256 256 0 0
256 256 0 0
256 256 0 0
256 256 0 0
256 256 0 0
256 256 0 0
256 256 0 0
256 256 0 0
256 256 0 0
256 256 0 0
256 256 0 0
256 256 1 0
512 512 0 0
256 256 1 0
256 256 0 0
256 256 0 0
256 256 0 0
256 256 0 0
256 256 1 0
256 256 0 0
256 256 0 0
256 256 0 0
256 256 0 0
256 256 0 0
256 256 1 0
256 256 1 1
256 512 1 0
256 256 1 0
256 256 0 0
256 256 0 0
256 256 0 0
512 512 1 0
256 512 1 0
256 256 1 0
256 256 0 0
256 256 1 0
256 256 0 0
256 256 0 0
128 256 0 0
256 256 0 0
256 256 1 0
256 256 0 0
256 256 1 0
256 256 0 0
256 256 1 0
512 512 0 0
256 256 1 0
256 256 0 0
256 256 0 0
256 256 0 0
