00080009
00090004
00100009
00120006
00120009
00120010
00130010
00140018
00160008
00160016
00170014
00180014
00180022
00180024
00180027
00190022
00200012
00200018
00200020
00200022
00210007
00210026
00210032
00210036
00220014
00220015
00220016
00220018
00220023
00220032
00230030
00240016
00240026
00240032
00240040
00250013
00260016
00260026
00260028
00260044
00270022
00270028
00280016
00280025
00280030
00280032
00300017
00300021
00300029
00300032
00300036
00300038
00310023
00310026
00310030
00310034
00320018
00320032
00330039
00340026
00340038
00340048
00350034
00360024
00360034
00360035
00360036
00360040
00360050
00370034
00380028
00380034
00400020
00400029
00400038
00410038
00410042
00410046
00410050
00420024
00420025
00420036
00420037
00420040
00420041
00420048
00430042
00450064
00460028
00460042
00460043
00460048
00460060
00470046
00480032
00480036
00480039
00480040
00480060
00490023
00490028
00490034
00500026
00500032
00500035
00500075
00510062
00520035
00520044
00520050
00520052
00520056
00530044
00550046
00560040
00560042
00560046
00570044
00580037
00580046
00580054
00580057
00590034
00590063
00600028
00600030
00600060
00600066
00620048
00620052
00620059
00630048
00630054
00630058
00630136
00650063
00650080
00660032
00660053
00660062
00670068
00680052
00680065
00690042
00690052
00690118
00700080
00710056
00710072
00720038
00720040
00720042
00720052
00730032
00730037
00740043
00750069
00760042
00760048
00760067
00770041
00770080
00780026
00780061
00780062
00800048
00820039
00820061
00820084
00830085
00840080
00850093
00850096
00860046
00870084
00880061
00900052
00900073
00900081
00900083
00900106
00900110
00910070
00910074
00920056
00920072
00930062
00930078
00940046
00940085
00950067
00950074
00950090
00960072
00960099
00960114
00990068
01000104
01020122
01040110
01050062
01070058
01080099
01090062
01100094
01110071
01120099
01160058
01160120
01170069
01170113
01200048
01210106
01250123
01280079
01290068
01310080
01320096
01320146
01350131
01360124
01360151
01380107
01390084
01390098
01510192
01520114
01540110
01550096
01550168
01560166
01570105
01570156
01590096
01600107
01600136
01640074
01640166
01650152
01680200
01690115
01760156
01780116
01810151
01830108
01850216
01970209
02060090
02060134
02090212
02090215
02090222
02140356
02180176
02200212
02200234
02300231
02320234
02320277
02330238
02350186
02380207
02400217
02430282
02430358
02460282
02480259
02510194
02510252
02520408
02530241
02570183
02600256
02690140
02710514
02730210
02730299
02780230
02800278
02800354
02810256
02820230
02820399
02840279
02860272
02870230
02900228
02910212
02910269
02960268
02980321
02990172
02990228
03010300
03020270
03030165
03030283
03080272
03100296
03130321
03140159
03140288
03150322
03170292
03180308
03210316
03250272
03270325
03280261
03310380
03320360
03350246
03350317
03420299
03430276
03500219
03500311
03530374
03560374
03590239
03610373
03610378
03630321
03640322
03650316
03660424
03680271
03690268
03690350
03750379
03770397
03790441
03800371
03900321
03920334
03940325
03950425
03980403
04050365
04070369
04110320
04110460
04120453
04150546
04190378
04190394
04220265
04260486
04320442
04340349
04350342
04440362
04470288
04500349
04510413
04530354
04550460
04570396
04580415
04590379
04590483
04650348
04730565
04760524
04860482
04860489
04900457
04900481
04930381
04930428
05000498
05040437
05050429
05050447
05060469
05100382
05130587
05140402
05210328
05210413
05280439
05280485
05290538
05360569
05390509
05410428
05410431
05410515
05420418
05430552
05450412
05480586
05620418
05650473
05660513
05680481
05710526
05770470
05910537
05930318
05970556
05990601
06050596
06100521
06150486
06170518
06170520
06190826
06220562
06340541
06430389
06430505
06500563
06520507
06730393
06730518
06880566
06950490
06950742
07020635
07311038
07330741
07420536
07490430
07630606
07780512
08250649
09480808
10730760
10800681
11411460
20462128
